3500
bessie 14 2 3 4 5 6 7 8 20 38 143 202 296 436 544
file1 0
folder1 9 11 16 17 241 263 416 741 796 1837
file2 0
file3 0
file4 0
folder2 18 9 10 12 32 63 65 110 196 269 311 684 1036 1095 1228 1265 1484 2471 3404
file5 0
file6 0
folder3 12 14 18 19 25 39 55 248 352 525 1119 1335 3159
folder4 14 13 22 30 50 69 71 84 132 133 335 340 577 1029 1995
folder5 7 15 24 26 49 99 371 1480
file7 0
file8 0
file9 0
file10 0
folder6 11 35 73 88 97 147 168 392 442 662 745 1882
file11 0
folder7 15 23 28 46 57 67 68 98 103 197 426 449 705 1196 1772 2463
folder8 13 21 31 61 72 105 217 419 617 752 915 1104 1382 3092
folder9 7 56 291 382 430 753 1121 3341
file12 0
folder10 7 27 33 48 66 310 435 1271
folder11 10 29 34 54 187 259 261 299 824 930 1241
file13 0
folder12 8 59 62 93 139 204 267 534 817
file14 0
folder13 8 52 90 126 301 792 1687 2421 3451
file15 0
file16 0
file17 0
folder14 13 36 115 121 129 186 246 312 439 2837 2896 2961 2983 3475
folder15 9 40 42 76 152 172 328 434 510 2125
folder16 10 53 58 60 89 100 468 1317 1446 1731 3493
folder17 14 175 190 329 408 455 626 984 1085 1267 1711 2200 2253 3013 3146
folder18 10 37 41 43 45 70 725 1216 1857 2027 3012
file18 0
folder19 9 47 223 247 287 414 515 607 608 1146
file19 0
folder20 9 51 81 86 95 96 695 1105 1847 3140
folder21 10 44 127 151 218 243 1603 1663 1767 1834 2358
file20 0
file21 0
file22 0
file23 0
folder22 8 64 83 153 230 948 2579 3046 3483
file24 0
file25 0
folder23 4 77 164 683 1517
file26 0
file27 0
file28 0
file29 0
folder24 4 74 469 1961 2226
file30 0
file31 0
file32 0
file33 0
folder25 10 92 135 142 353 474 964 1283 2379 2660 3319
folder26 10 162 182 278 320 332 447 567 1038 1190 1518
folder27 12 109 124 290 479 871 967 994 2100 2356 2499 2714 3395
file34 0
folder28 12 80 136 180 229 238 279 775 1024 1219 2329 3008 3208
file35 0
folder29 11 249 265 286 420 641 836 1246 1361 1896 2158 2970
folder30 6 104 1534 1894 2065 2086 2616
folder31 11 79 102 106 159 208 322 326 364 630 1056 1672
file36 0
file37 0
file38 0
folder32 4 78 828 2076 2964
folder33 7 75 137 165 378 437 471 2575
folder34 2 144 1112
file39 0
file40 0
folder35 12 87 94 114 116 206 272 334 681 1169 1295 2036 2170
file41 0
folder36 14 118 122 123 167 170 176 268 275 288 345 418 842 2420 3083
folder37 15 112 130 368 576 600 672 821 1015 1071 1168 1959 2256 2332 2681 2705
folder38 11 82 108 193 590 728 837 1045 1049 1136 1447 2489
folder39 11 91 107 201 225 318 453 1128 1867 2099 2451 2750
folder40 7 85 120 363 473 1280 2123 3204
folder41 5 189 555 655 1624 2298
folder42 6 101 257 669 1331 1357 2824
file42 0
file43 0
folder43 8 245 545 582 697 1003 1412 2527 2687
file44 0
file45 0
file46 0
file47 0
folder44 11 113 125 148 213 339 485 535 872 935 1284 1533
file48 0
file49 0
folder45 9 200 239 518 815 1439 1513 1544 3225 3489
folder46 6 111 199 357 1344 2000 2255
folder47 6 156 194 212 233 457 1001
folder48 8 183 203 207 1042 1065 1073 1476 3325
folder49 8 155 356 423 486 616 940 1164 2216
file50 0
file51 0
folder50 6 117 149 375 546 1057 1623
file52 0
folder51 7 184 324 492 1178 1199 1724 2599
folder52 4 192 795 1288 3300
folder53 13 119 131 145 224 237 454 523 556 814 907 1225 1263 2438
file53 0
folder54 6 195 210 277 409 1114 1362
folder55 8 150 163 171 1014 1222 1932 2458 2788
file54 0
file55 0
folder56 12 128 134 146 157 169 283 372 400 491 625 1423 2936
folder57 7 140 255 264 543 2839 2856 3376
file56 0
folder58 6 222 250 421 679 757 945
folder59 3 481 1186 1441
folder60 10 185 285 366 467 537 876 896 1102 1165 1784
folder61 2 138 316
file57 0
file58 0
folder62 6 216 232 256 305 509 2807
file59 0
folder63 4 242 319 431 698
file60 0
folder64 7 262 370 466 634 766 1155 1716
folder65 8 188 298 396 487 622 1078 2090 2245
file61 0
folder66 9 325 362 472 919 1466 1643 2057 2606 3007
file62 0
folder67 12 227 254 333 459 499 632 687 829 1465 1954 3212 3259
folder68 7 302 308 495 733 823 1258 1309
folder69 3 154 354 2286
folder70 7 141 160 161 166 198 866 1732
file63 0
folder71 4 191 522 878 2068
file64 0
file65 0
folder72 5 317 490 596 727 1183
file66 0
folder73 4 360 564 1110 1791
folder74 6 214 403 553 1501 1835 3370
file67 0
folder75 5 231 274 338 904 3009
folder76 2 221 280
file68 0
folder77 7 511 667 1060 1948 1993 2299 3150
file69 0
file70 0
folder78 7 158 178 270 512 579 778 1576
file71 0
file72 0
file73 0
file74 0
file75 0
file76 0
folder79 5 209 226 297 550 3249
folder80 4 173 605 1762 3180
folder81 6 367 391 841 1455 2838 3130
folder82 7 220 568 716 1144 1151 1157 3015
file77 0
file78 0
folder83 4 174 533 644 758
folder84 10 179 234 620 650 773 869 1126 2139 3252 3447
file79 0
folder85 7 181 244 349 415 638 1452 3023
file80 0
file81 0
folder86 3 253 594 2142
file82 0
folder87 5 438 700 768 784 983
file83 0
file84 0
file85 0
folder88 7 177 303 411 483 623 780 954
file86 0
file87 0
folder89 4 236 258 2181 2457
file88 0
folder90 7 374 524 675 1776 1846 3137 3463
folder91 5 211 808 1083 1545 2840
folder92 9 528 542 548 563 654 973 1511 1720 1922
file89 0
file90 0
folder93 4 306 715 1098 3071
file91 0
file92 0
file93 0
folder94 4 205 251 1727 2152
file94 0
folder95 7 282 309 920 1290 1472 1726 1806
folder96 5 215 445 475 952 1312
file95 0
folder97 3 619 1048 1774
folder98 3 300 1332 2573
file96 0
file97 0
file98 0
folder99 8 240 292 343 355 718 923 2744 2958
file99 0
folder100 3 235 293 2209
folder101 6 294 359 384 422 927 1976
file100 0
folder102 3 574 610 1138
file101 0
file102 0
folder103 9 637 639 800 819 858 1077 1177 1269 3466
file103 0
file104 0
file105 0
folder104 7 252 336 425 588 1855 2031 2944
folder105 5 219 1294 1792 2136 2341
folder106 3 399 488 1334
file106 0
folder107 9 273 388 429 552 575 1379 1410 1542 3177
file107 0
folder108 4 228 597 2025 3364
file108 0
folder109 3 315 580 3149
file109 0
file110 0
folder110 4 337 951 2153 2449
file111 0
folder111 7 260 266 304 347 554 1460 3268
file112 0
folder112 6 313 811 835 1842 2120 2603
file113 0
folder113 6 996 1188 1407 1955 1997 2249
file114 0
file115 0
file116 0
file117 0
file118 0
file119 0
folder114 4 889 921 1424 2201
file120 0
folder115 4 361 450 451 3306
folder116 7 271 281 682 868 1688 2644 3402
file121 0
file122 0
folder117 8 350 376 1233 1878 2304 2405 2442 2731
file123 0
file124 0
file125 0
file126 0
folder118 3 1240 2939 3109
folder119 6 276 903 1115 1564 1666 2221
file127 0
folder120 7 295 344 424 677 855 2091 2416
folder121 3 1185 1502 2638
folder122 4 284 864 942 1351
file128 0
file129 0
file130 0
file131 0
file132 0
file133 0
file134 0
file135 0
file136 0
folder123 5 1133 1135 1708 1889 2434
file137 0
folder124 7 289 314 406 640 1173 1477 2973
folder125 7 342 401 862 997 1116 1652 1810
folder126 3 925 1487 2857
file138 0
file139 0
file140 0
file141 0
file142 0
file143 0
file144 0
file145 0
file146 0
folder127 4 321 369 433 2741
folder128 5 323 428 444 3086 3429
folder129 5 348 561 633 767 2452
folder130 6 906 1070 1353 1380 1645 1658
file147 0
file148 0
folder131 4 387 562 993 1654
folder132 6 341 380 496 704 931 2178
folder133 6 427 458 565 905 1592 2134
folder134 3 603 1044 1563
file149 0
folder135 4 307 651 685 1988
folder136 7 670 998 1944 2022 2104 2456 3314
folder137 2 330 1330
file150 0
file151 0
file152 0
file153 0
folder138 5 517 1337 2140 2308 2348
folder139 4 390 647 694 2311
file154 0
file155 0
folder140 3 901 1587 1947
file156 0
file157 0
file158 0
file159 0
folder141 3 755 1150 1341
folder142 1 351
file160 0
folder143 9 327 405 665 2268 2294 2675 2700 2897 3201
folder144 4 519 1764 1972 2260
folder145 5 398 410 498 730 3239
file161 0
file162 0
folder146 3 1385 1597 2374
folder147 5 606 789 1434 2166 2259
file163 0
file164 0
file165 0
folder148 3 346 504 591
file166 0
folder149 3 448 1182 1984
folder150 8 393 397 407 825 1464 2116 2285 2886
folder151 4 402 1495 2162 3251
file167 0
folder152 4 331 932 1276 1596
file168 0
file169 0
file170 0
file171 0
file172 0
folder153 6 441 480 532 583 1730 2878
folder154 6 751 1356 1958 2353 2367 2384
file173 0
folder155 6 673 779 2217 2396 2630 3390
folder156 7 601 666 686 958 1373 1386 2138
file174 0
folder157 4 365 1461 2247 2817
folder158 7 385 463 547 1072 1093 1656 2430
folder159 4 599 631 1307 1722
file175 0
folder160 4 460 714 794 1690
file176 0
folder161 3 624 629 1575
folder162 4 395 618 2924 3187
folder163 3 713 2678 2940
folder164 3 658 762 822
folder165 2 693 742
file177 0
folder166 4 760 949 1239 2145
folder167 2 2778 2989
folder168 2 358 1148
folder169 8 440 557 573 979 1030 1140 1494 2433
folder170 3 761 793 1747
file178 0
folder171 2 621 648
file179 0
folder172 1 1468
file180 0
file181 0
folder173 3 381 2496 3340
folder174 5 503 917 970 1612 2591
folder175 4 383 513 1689 3476
folder176 3 373 389 1547
folder177 2 1043 2899
file182 0
file183 0
file184 0
folder178 2 379 908
file185 0
folder179 5 412 417 465 926 2614
file186 0
file187 0
file188 0
file189 0
file190 0
folder180 4 386 558 636 1163
folder181 4 377 722 1130 1234
file191 0
folder182 2 1841 3156
file192 0
folder183 0
file193 0
folder184 5 404 489 659 1580 1830
file194 0
file195 0
folder185 5 394 701 1046 2188 2713
file196 0
file197 0
file198 0
file199 0
file200 0
folder186 9 478 678 987 1023 1528 1572 1655 2242 2955
file201 0
folder187 5 505 831 863 941 1641
folder188 6 514 516 612 690 743 2453
folder189 5 671 962 1167 2749 2861
folder190 5 462 584 1122 1278 3224
file202 0
file203 0
file204 0
folder191 7 461 541 657 783 812 1941 2345
file205 0
file206 0
file207 0
file208 0
file209 0
folder192 5 432 470 1321 1363 1613
folder193 4 628 661 719 3327
folder194 2 865 1027
file210 0
folder195 3 443 521 711
file211 0
folder196 2 508 2586
file212 0
folder197 2 531 986
folder198 5 413 526 1142 1392 1833
folder199 3 706 1389 2493
folder200 3 710 861 1629
folder201 7 482 494 598 1080 1397 3183 3361
file213 0
folder202 3 960 2122 2352
folder203 6 477 569 703 1074 2174 2504
folder204 4 798 877 1149 2108
file214 0
folder205 2 1191 3141
folder206 3 1134 1951 2957
file215 0
file216 0
folder207 4 668 1064 1270 2826
folder208 4 452 674 1391 1852
folder209 0
file217 0
folder210 3 656 781 2587
folder211 3 663 737 1734
file218 0
folder212 3 507 540 571
folder213 6 797 963 1994 2735 2873 3358
folder214 5 1367 1584 1884 1934 2696
file219 0
file220 0
file221 0
folder215 4 593 946 1370 1817
folder216 4 635 854 1479 1755
file222 0
folder217 4 688 735 1109 1826
folder218 3 446 493 1108
file223 0
folder219 4 602 806 1017 3011
folder220 8 484 692 764 810 1725 2040 3068 3279
folder221 2 589 3014
folder222 3 955 1096 1203
folder223 4 464 549 943 2074
folder224 5 476 501 1554 1618 2512
folder225 2 456 2618
file224 0
file225 0
folder226 3 500 2012 3273
folder227 4 527 529 1336 3393
file226 0
folder228 5 530 570 2023 2287 3256
folder229 4 724 922 2264 2355
folder230 4 884 1257 1709 3136
folder231 4 497 520 592 2230
folder232 5 1200 1978 2523 2691 3487
folder233 3 649 1445 2078
file227 0
file228 0
folder234 4 502 985 2803 2950
folder235 5 560 585 756 1467 3500
folder236 4 1372 1790 1950 2246
file229 0
folder237 0
file230 0
file231 0
folder238 3 1433 1691 2277
file232 0
folder239 3 572 1605 2775
file233 0
folder240 2 559 2237
file234 0
file235 0
folder241 8 888 971 1009 1054 1232 2346 2522 3238
file236 0
folder242 4 749 2009 2207 2218
folder243 4 924 1127 1611 1616
file237 0
file238 0
file239 0
folder244 5 809 882 1088 1399 1429
file240 0
folder245 4 506 1718 2243 2963
folder246 3 645 838 1818
file241 0
folder247 5 566 1084 1615 1719 2855
file242 0
file243 0
file244 0
folder248 4 538 611 934 1212
folder249 6 660 747 790 1849 2024 3245
file245 0
folder250 5 763 1018 1456 1760 3229
folder251 4 1250 1346 2227 2445
folder252 4 776 1170 2102 2327
folder253 2 595 2028
folder254 4 739 1773 2272 3374
file246 0
file247 0
folder255 1 539
file248 0
file249 0
file250 0
folder256 5 770 847 1008 1011 3216
file251 0
file252 0
folder257 0
folder258 1 738
folder259 2 615 3446
folder260 1 1499
folder261 1 1291
file253 0
folder262 2 1750 1907
file254 0
file255 0
file256 0
folder263 2 1377 1566
folder264 4 1124 1600 2328 2536
file257 0
file258 0
file259 0
folder265 6 883 947 1642 1742 2588 2851
folder266 5 912 950 1862 1926 2047
file260 0
folder267 5 536 754 772 1215 1247
folder268 2 1113 2169
file261 0
folder269 2 1171 1904
file262 0
file263 0
file264 0
folder270 1 1981
file265 0
file266 0
folder271 3 1227 1568 2240
folder272 3 1189 2360 2415
file267 0
file268 0
folder273 5 609 646 680 1005 3057
file269 0
folder274 3 1209 1886 2343
folder275 4 972 1298 2095 2159
file270 0
folder276 2 852 3492
folder277 6 551 578 1345 2683 3027 3453
file271 0
folder278 4 712 1795 2440 2920
folder279 5 643 2177 2508 2790 2819
file272 0
file273 0
folder280 3 977 1557 2738
file274 0
file275 0
folder281 4 843 1333 1676 1936
folder282 6 614 689 785 1892 2460 3371
file276 0
file277 0
file278 0
file279 0
folder283 4 1406 1702 1903 3098
file280 0
folder284 3 982 1400 1622
folder285 5 765 839 893 929 1111
folder286 5 613 627 771 786 1625
file281 0
folder287 1 708
folder288 2 1632 2724
folder289 3 642 1939 2609
folder290 1 726
file282 0
folder291 2 721 1395
file283 0
folder292 2 1323 3316
folder293 3 1765 3169 3468
file284 0
folder294 6 581 782 1871 2487 2969 3205
folder295 5 586 895 1252 1560 2303
folder296 5 769 857 1231 1427 3388
folder297 1 2525
file285 0
file286 0
folder298 5 587 1058 1438 2213 2232
folder299 5 956 1053 1059 1249 1779
folder300 4 1860 2342 2622 3296
folder301 4 723 1803 2946 3032
folder302 3 652 1120 1639
file287 0
file288 0
folder303 6 691 1448 1877 2521 2718 3379
file289 0
file290 0
file291 0
folder304 5 880 1242 1254 1636 2868
file292 0
file293 0
folder305 4 604 1063 1251 3491
folder306 3 801 1020 1069
file294 0
file295 0
folder307 2 1366 1863
file296 0
folder308 5 720 736 1403 1753 3005
folder309 2 1355 1813
file297 0
file298 0
folder310 8 653 832 991 1152 1174 1230 1503 1902
file299 0
file300 0
folder311 4 1035 2034 2052 3193
folder312 1 1259
folder313 1 1354
folder314 2 849 3495
file301 0
folder315 1 2269
file302 0
file303 0
file304 0
file305 0
folder316 4 989 1089 1236 2313
file306 0
file307 0
file308 0
file309 0
file310 0
file311 0
folder317 1 2945
folder318 4 732 759 777 848
file312 0
folder319 3 827 891 1844
folder320 2 1162 3091
file313 0
file314 0
file315 0
folder321 4 1205 1275 1949 2278
folder322 1 1268
file316 0
file317 0
file318 0
folder323 1 699
file319 0
folder324 4 787 859 2470 3414
file320 0
folder325 0
folder326 2 805 1536
folder327 9 818 1313 1593 1664 1717 1746 1851 3003 3434
folder328 2 750 2046
folder329 5 788 897 1905 2647 3139
folder330 2 856 939
file321 0
file322 0
folder331 5 774 933 1440 2407 3284
folder332 3 664 1856 2889
folder333 3 702 892 1471
folder334 2 802 2743
folder335 6 744 803 885 978 1208 1875
folder336 2 2707 2823
folder337 6 709 1087 1129 1569 1853 2954
folder338 1 992
folder339 3 729 830 2005
folder340 2 1979 2291
folder341 0
file323 0
file324 0
file325 0
file326 0
folder342 2 740 2808
folder343 4 791 894 1040 3328
folder344 5 1101 1302 1418 1872 2518
folder345 1 1650
folder346 4 676 820 1262 2715
folder347 6 717 851 1272 1443 1866 3315
folder348 3 918 965 2019
folder349 2 2666 3073
file327 0
file328 0
folder350 3 1019 1139 1771
folder351 3 1635 2321 3048
folder352 3 731 2761 3343
file329 0
file330 0
folder353 3 696 1811 2114
folder354 2 2038 2041
folder355 4 1285 2871 3093 3297
folder356 0
folder357 2 937 1408
file331 0
folder358 4 1051 1067 1458 2537
folder359 3 1585 1638 1869
folder360 4 833 1255 1827 2578
folder361 1 2947
file332 0
file333 0
folder362 8 875 957 1010 1387 2004 2403 2952 3004
file334 0
folder363 5 968 1463 1621 2224 2701
file335 0
file336 0
folder364 5 707 734 1047 1509 3431
folder365 2 1158 1453
folder366 2 2042 2424
file337 0
folder367 3 874 2096 2919
folder368 2 804 1549
folder369 4 2079 2167 2480 2781
folder370 4 816 826 976 2706
file338 0
folder371 2 1154 2414
folder372 1 2322
file339 0
folder373 8 748 799 900 1031 1099 1801 1816 2055
file340 0
file341 0
folder374 0
folder375 1 1417
file342 0
file343 0
file344 0
folder376 3 1082 1454 1757
file345 0
folder377 2 2852 3022
folder378 1 890
folder379 4 870 1016 2762 3112
folder380 6 834 1207 1808 1964 2257 2483
folder381 1 1745
folder382 1 1525
folder383 1 2448
folder384 1 1415
file346 0
folder385 3 1131 1927 3262
folder386 0
file347 0
file348 0
folder387 2 1733 3220
file349 0
file350 0
folder388 4 1229 1365 1674 3243
folder389 5 844 1411 1430 1646 2155
folder390 3 1166 1831 2418
folder391 0
folder392 2 1159 2117
folder393 3 1992 3443 3467
folder394 3 746 845 2560
file351 0
folder395 2 1274 1888
folder396 3 1279 1522 1899
file352 0
file353 0
file354 0
folder397 4 953 1591 2300 2904
folder398 3 1515 1532 1706
folder399 4 913 1092 1405 2673
folder400 3 846 887 1338
folder401 2 1206 2190
folder402 4 1293 1653 2468 2688
folder403 3 1530 1897 3155
file355 0
file356 0
folder404 1 1891
folder405 4 807 1221 2657 3499
folder406 4 1137 1175 1703 3230
folder407 2 881 2926
folder408 3 1194 1217 3175
folder409 2 1401 3380
file357 0
file358 0
file359 0
file360 0
folder410 7 902 1213 1450 2032 2085 2150 2772
folder411 1 850
folder412 4 1184 1224 1999 3274
file361 0
file362 0
folder413 3 1300 1609 2907
file363 0
file364 0
folder414 2 2532 2830
file365 0
folder415 3 910 1589 2302
file366 0
folder416 4 860 1488 1828 3097
file367 0
folder417 2 2236 3110
file368 0
folder418 3 1943 2029 2183
file369 0
folder419 7 1550 2490 2548 2740 2757 2777 3470
file370 0
folder420 3 1176 1326 1350
folder421 4 1796 1881 1998 2318
file371 0
folder422 4 813 1364 3170 3442
folder423 2 1559 2455
folder424 3 1425 1825 3473
file372 0
folder425 0
file373 0
file374 0
folder426 3 1435 2646 3469
folder427 5 898 1419 1800 1890 2175
folder428 4 988 1066 1118 1670
file375 0
folder429 2 1202 1768
folder430 4 1390 1567 2219 2297
file376 0
folder431 3 1462 2888 2916
folder432 2 1297 1340
folder433 4 867 1153 1963 2364
folder434 4 999 1368 1794 1823
folder435 0
file377 0
folder436 0
file378 0
file379 0
folder437 2 936 2180
folder438 3 1459 1945 2651
folder439 2 1371 1383
file380 0
file381 0
folder440 3 1769 2270 3309
folder441 2 975 1989
folder442 3 1012 1880 3433
folder443 1 1714
folder444 1 1850
folder445 1 2526
folder446 4 840 2111 2215 2736
file382 0
file383 0
folder447 4 1211 1956 2088 2783
folder448 3 1347 1507 2276
folder449 4 1041 1107 1161 2446
folder450 5 944 966 1264 1266 3291
folder451 1 1908
folder452 2 1686 3242
folder453 4 1282 1583 2228 2351
file384 0
file385 0
file386 0
folder454 4 1414 2640 2780 3166
file387 0
folder455 2 1193 2728
file388 0
folder456 1 1661
folder457 3 853 914 1970
folder458 3 1308 1553 2128
file389 0
file390 0
file391 0
folder459 2 873 1125
file392 0
file393 0
folder460 1 1181
file394 0
folder461 5 911 916 1318 1388 1763
folder462 1 3067
folder463 2 886 2163
folder464 3 995 1968 2867
folder465 2 974 2949
file395 0
folder466 1 2176
file396 0
folder467 1 2515
folder468 2 1253 1921
file397 0
folder469 2 938 2712
folder470 2 879 2654
folder471 5 1025 1076 1512 2702 3203
file398 0
file399 0
file400 0
file401 0
file402 0
file403 0
folder472 1 1062
folder473 1 1740
folder474 3 1610 1637 3122
file404 0
file405 0
file406 0
file407 0
folder475 2 2626 3226
folder476 3 2160 2182 3496
folder477 2 1815 3326
file408 0
folder478 2 969 1748
file409 0
folder479 4 928 1037 1721 3255
file410 0
file411 0
folder480 2 1075 3128
folder481 3 981 2528 3154
folder482 5 1712 2412 2488 2754 3028
folder483 3 899 1002 3200
file412 0
folder484 3 909 980 2768
file413 0
file414 0
folder485 2 1273 2372
folder486 3 1343 1617 2098
folder487 2 1320 3062
folder488 5 961 1086 2467 2549 2597
file415 0
folder489 6 1007 1032 1226 1281 2003 3099
file416 0
folder490 2 2497 2557
file417 0
file418 0
file419 0
file420 0
folder491 4 1483 1854 2008 3265
file421 0
file422 0
folder492 8 959 1028 1079 1325 1404 1470 1599 1805
file423 0
folder493 3 1000 2411 2734
folder494 2 1204 1214
file424 0
folder495 1 2875
file425 0
folder496 2 2062 3227
file426 0
folder497 3 1039 1974 2157
folder498 1 3373
folder499 4 1055 1394 1758 2026
file427 0
file428 0
file429 0
file430 0
file431 0
file432 0
file433 0
folder500 4 1489 1577 1991 2441
folder501 3 1141 1289 1820
file434 0
folder502 3 1006 1838 2179
folder503 1 3427
file435 0
folder504 4 1195 1822 2849 2982
file436 0
folder505 0
file437 0
file438 0
file439 0
folder506 0
file440 0
folder507 4 1132 1311 1358 2581
folder508 2 1581 2864
folder509 5 1021 1197 1422 1647 1918
file441 0
file442 0
folder510 2 1349 1539
folder511 1 1457
folder512 2 1033 3345
folder513 4 1068 1117 2517 2725
folder514 0
folder515 1 2037
file443 0
folder516 0
folder517 3 1437 2544 2608
file444 0
file445 0
folder518 5 1097 1235 1787 2362 2461
folder519 2 1537 1975
folder520 1 2635
file446 0
folder521 2 2376 2558
folder522 4 1081 1100 1571 3231
file447 0
file448 0
folder523 5 1261 1588 1705 2105 3076
file449 0
folder524 2 2126 2335
folder525 5 990 1004 1538 1752 3349
file450 0
file451 0
folder526 3 1026 2087 2290
file452 0
file453 0
folder527 5 1050 1090 1633 1693 2623
file454 0
folder528 2 1091 2103
folder529 4 1013 1034 1322 1697
folder530 4 1701 1858 2593 2933
folder531 3 1375 2133 2293
file455 0
folder532 3 2872 3082 3488
file456 0
folder533 3 1681 2220 2551
file457 0
file458 0
file459 0
folder534 1 1909
folder535 2 1179 2399
file460 0
file461 0
folder536 4 1498 1555 2615 2653
file462 0
folder537 2 1832 2541
file463 0
folder538 1 2156
folder539 4 1143 1804 2510 2787
file464 0
folder540 1 1022
folder541 6 1248 1286 1506 1579 1990 2562
folder542 3 1156 1218 2800
folder543 1 1192
folder544 2 1314 2081
file465 0
folder545 2 1799 2782
folder546 3 1160 1449 1492
folder547 1 3498
folder548 3 1342 1416 1668
folder549 3 1220 1561 1744
folder550 6 1172 1238 1475 1478 1935 2545
folder551 1 2017
folder552 2 1608 2067
file466 0
file467 0
file468 0
folder553 1 1500
folder554 3 1052 3313 3437
file469 0
file470 0
file471 0
folder555 1 2082
folder556 2 2409 2723
folder557 1 1374
folder558 5 1243 1660 2769 2993 3240
file472 0
file473 0
file474 0
file475 0
folder559 2 2389 2922
file476 0
file477 0
folder560 2 1381 1695
file478 0
file479 0
folder561 0
file480 0
folder562 1 1327
folder563 1 3017
file481 0
file482 0
file483 0
folder564 1 2392
folder565 2 1061 1551
folder566 1 1929
folder567 0
file484 0
folder568 0
folder569 5 1402 1751 1843 2222 2347
folder570 1 1578
file485 0
folder571 0
folder572 2 2258 2994
file486 0
file487 0
folder573 4 1094 1505 3085 3282
file488 0
file489 0
file490 0
file491 0
folder574 2 1210 2263
file492 0
file493 0
folder575 4 1198 1738 2092 3330
file494 0
file495 0
file496 0
file497 0
file498 0
folder576 4 1103 1398 2084 3298
file499 0
file500 0
file501 0
file502 0
folder577 3 1619 1662 1793
file503 0
folder578 1 3413
file504 0
folder579 2 1957 2474
folder580 1 3016
folder581 1 1378
file505 0
file506 0
file507 0
folder582 3 1244 1287 1671
folder583 2 1303 2722
folder584 1 2326
file508 0
file509 0
file510 0
file511 0
folder585 2 1106 1376
folder586 2 2141 2931
folder587 3 2045 2197 2494
file512 0
folder588 3 1360 1743 1754
file513 0
file514 0
folder589 2 1145 3369
file515 0
folder590 0
file516 0
folder591 2 2771 2847
folder592 1 2233
file517 0
folder593 2 2312 2423
folder594 2 1123 1996
file518 0
file519 0
folder595 1 3019
file520 0
folder596 3 1310 1396 3061
folder597 4 1223 2664 2874 3117
file521 0
folder598 1 2204
file522 0
file523 0
file524 0
file525 0
folder599 2 1348 3107
folder600 1 1413
file526 0
file527 0
file528 0
file529 0
file530 0
file531 0
folder601 2 1474 2533
folder602 3 1147 1565 2543
file532 0
folder603 1 2436
folder604 0
file533 0
file534 0
file535 0
folder605 2 1393 3484
file536 0
folder606 2 1749 3422
file537 0
file538 0
file539 0
folder607 1 2530
file540 0
folder608 3 2265 2751 3359
folder609 3 1180 1260 1508
file541 0
file542 0
folder610 1 2330
folder611 1 1324
file543 0
file544 0
file545 0
file546 0
file547 0
folder612 1 1775
folder613 3 2469 2620 3324
folder614 1 2979
folder615 1 1305
folder616 1 2642
folder617 4 1444 2010 2901 3118
folder618 1 2148
folder619 2 1602 1649
file548 0
folder620 1 1556
file549 0
file550 0
folder621 4 1319 1504 2495 2965
folder622 0
file551 0
folder623 2 1442 2121
folder624 3 1604 1630 3350
folder625 1 1473
file552 0
file553 0
folder626 1 1187
file554 0
file555 0
folder627 1 1359
file556 0
folder628 3 1845 1928 2198
file557 0
folder629 2 1514 2466
folder630 5 1409 1634 2656 2662 2766
folder631 4 1516 2818 2908 3063
folder632 4 1497 1715 2366 3171
folder633 1 1201
file558 0
folder634 2 1328 1898
folder635 1 2827
folder636 1 1665
file559 0
file560 0
file561 0
folder637 2 1301 2319
file562 0
folder638 1 1256
file563 0
file564 0
folder639 1 3059
folder640 3 1237 1640 2737
folder641 0
folder642 0
file565 0
file566 0
file567 0
file568 0
folder643 3 1352 2164 3294
folder644 0
file569 0
folder645 1 1245
file570 0
file571 0
folder646 0
folder647 1 2083
file572 0
folder648 2 1627 2089
folder649 1 1527
file573 0
file574 0
folder650 2 1292 1369
file575 0
folder651 3 1887 2112 2288
folder652 4 1384 2375 2394 2972
folder653 2 1789 1911
folder654 0
folder655 1 2273
file576 0
file577 0
file578 0
folder656 1 2214
file579 0
file580 0
file581 0
folder657 1 2858
folder658 3 1586 2030 2462
folder659 1 1766
file582 0
file583 0
file584 0
file585 0
file586 0
folder660 3 1299 2206 2917
file587 0
file588 0
file589 0
folder661 2 1277 2844
file590 0
folder662 2 2050 2727
file591 0
folder663 1 1737
file592 0
file593 0
folder664 0
folder665 2 1339 2212
folder666 3 1329 2144 2842
file594 0
file595 0
file596 0
folder667 1 2334
folder668 1 1304
file597 0
folder669 1 1543
folder670 2 1420 2535
file598 0
file599 0
folder671 2 1306 1692
file600 0
folder672 3 2314 2767 2998
folder673 4 1540 1973 2053 2165
file601 0
file602 0
file603 0
folder674 2 1315 2439
file604 0
file605 0
file606 0
folder675 4 1296 1759 2834 3253
folder676 2 1431 1526
file607 0
file608 0
folder677 3 1919 2571 3478
folder678 0
folder679 1 1486
file609 0
folder680 2 1573 3074
folder681 0
file610 0
folder682 2 1924 2611
folder683 2 2569 2596
file611 0
folder684 2 1493 1960
file612 0
file613 0
file614 0
folder685 1 1648
folder686 2 1546 1669
folder687 3 1741 2927 3460
folder688 3 1598 1710 2013
file615 0
file616 0
folder689 4 2127 2315 2337 2758
folder690 2 1541 3084
file617 0
file618 0
folder691 1 2703
file619 0
file620 0
file621 0
folder692 1 1316
folder693 2 1678 2514
file622 0
folder694 1 2634
folder695 3 1679 2059 2306
folder696 2 2398 2694
file623 0
file624 0
file625 0
folder697 1 1510
file626 0
folder698 3 1496 1859 1940
file627 0
file628 0
file629 0
file630 0
folder699 1 1788
file631 0
folder700 1 2307
file632 0
folder701 1 2101
file633 0
folder702 0
file634 0
folder703 1 1451
folder704 0
file635 0
file636 0
folder705 2 2254 2568
folder706 1 3479
folder707 3 1594 2478 3302
folder708 5 1713 2413 2690 3199 3288
folder709 1 2371
folder710 2 1570 2395
file637 0
folder711 2 1521 1931
folder712 2 1783 2317
folder713 5 1436 1870 2309 2393 2747
folder714 3 1519 2056 3435
folder715 1 1421
file638 0
folder716 4 1428 1558 2011 3365
folder717 1 2538
file639 0
folder718 0
file640 0
file641 0
file642 0
folder719 2 1680 1895
file643 0
file644 0
file645 0
file646 0
folder720 0
file647 0
file648 0
file649 0
file650 0
file651 0
file652 0
folder721 2 1910 2289
file653 0
folder722 1 3353
folder723 1 1861
file654 0
folder724 2 1432 1531
file655 0
folder725 4 1469 1523 1967 3386
folder726 4 1667 1675 2252 2589
folder727 3 1590 1704 1893
folder728 1 3045
file656 0
folder729 4 1620 1786 2282 2699
file657 0
folder730 3 1520 1946 3105
folder731 1 1606
folder732 1 2006
folder733 0
file658 0
folder734 5 1814 2109 2196 2295 3329
file659 0
folder735 5 1683 1723 2203 2331 3482
file660 0
file661 0
file662 0
folder736 1 2402
folder737 1 3043
file663 0
file664 0
file665 0
folder738 1 1699
file666 0
folder739 1 1982
file667 0
file668 0
file669 0
file670 0
folder740 1 2070
folder741 1 1490
folder742 1 1535
folder743 2 2033 3416
folder744 2 1426 1548
folder745 3 1916 2301 2365
folder746 1 2631
file671 0
file672 0
folder747 0
folder748 1 2063
file673 0
folder749 3 1482 2283 2610
file674 0
folder750 1 3333
folder751 1 2339
file675 0
folder752 2 2617 2806
file676 0
file677 0
file678 0
folder753 2 2879 3214
file679 0
folder754 0
folder755 3 1657 1700 3036
file680 0
folder756 3 1491 1756 2500
file681 0
folder757 0
file682 0
folder758 1 3133
folder759 1 3094
file683 0
file684 0
folder760 1 1677
file685 0
folder761 2 1601 1797
folder762 1 1883
folder763 0
file686 0
folder764 3 2113 2261 3179
file687 0
folder765 0
file688 0
folder766 1 2275
file689 0
file690 0
file691 0
folder767 0
folder768 2 1840 3285
file692 0
folder769 2 1873 2248
folder770 2 1485 2007
folder771 1 1824
folder772 2 1914 2419
file693 0
folder773 1 2193
folder774 2 1481 2791
folder775 1 2845
file694 0
file695 0
folder776 1 1969
file696 0
file697 0
folder777 2 1607 3266
file698 0
folder778 3 1980 2137 2704
file699 0
file700 0
folder779 1 2697
file701 0
file702 0
file703 0
file704 0
folder780 0
folder781 0
folder782 0
folder783 3 1582 1874 2051
folder784 0
file705 0
folder785 0
folder786 0
folder787 2 1821 2836
folder788 1 1707
folder789 1 1694
file706 0
folder790 2 2540 2913
folder791 2 2080 3410
file707 0
folder792 2 1524 1574
folder793 2 1829 2015
folder794 1 2613
folder795 2 1736 2477
file708 0
file709 0
file710 0
folder796 1 2195
file711 0
file712 0
file713 0
file714 0
file715 0
file716 0
file717 0
folder797 1 2636
folder798 6 1529 2369 2447 2632 2932 3289
folder799 3 1696 3264 3403
file718 0
file719 0
folder800 1 1900
folder801 4 2132 2564 3000 3299
file720 0
file721 0
file722 0
folder802 1 3237
folder803 0
file723 0
folder804 3 1778 1785 2154
folder805 1 2502
file724 0
folder806 1 1631
folder807 1 1651
file725 0
folder808 2 1986 3078
file726 0
file727 0
file728 0
file729 0
file730 0
file731 0
folder809 3 1781 2682 3127
folder810 2 1562 1614
file732 0
file733 0
folder811 0
folder812 4 1552 1595 1628 3377
folder813 2 3138 3389
folder814 0
folder815 4 1626 1798 2058 2397
file734 0
folder816 1 1942
folder817 2 2149 2981
folder818 1 2363
folder819 3 1739 2580 2805
folder820 2 1644 1728
file735 0
folder821 1 2822
file736 0
file737 0
file738 0
folder822 3 1777 2406 2509
folder823 3 2044 2118 2520
file739 0
file740 0
folder824 4 1682 1698 2115 3278
folder825 1 2732
file741 0
file742 0
folder826 2 1735 3119
file743 0
folder827 1 2600
file744 0
folder828 2 2624 3392
folder829 2 2561 3072
folder830 0
folder831 2 1819 3123
folder832 4 1812 2785 3244 3360
file745 0
folder833 0
folder834 2 1987 2942
file746 0
file747 0
file748 0
folder835 1 1782
folder836 2 1913 2519
file749 0
file750 0
file751 0
folder837 1 1839
folder838 3 1925 2146 2986
folder839 1 2018
folder840 1 2764
file752 0
file753 0
folder841 1 2292
file754 0
folder842 1 1966
folder843 1 2250
file755 0
file756 0
folder844 2 2094 2129
folder845 1 3121
file757 0
folder846 1 2491
file758 0
file759 0
folder847 2 2891 3346
file760 0
file761 0
file762 0
file763 0
folder848 0
folder849 0
folder850 2 2629 2650
folder851 4 1920 1965 2106 3181
folder852 3 1809 2910 3035
folder853 3 2001 2021 2884
folder854 1 1836
file764 0
folder855 2 2759 3039
file765 0
folder856 1 2925
file766 0
folder857 2 1685 2279
folder858 1 1802
folder859 6 2223 2378 2506 3052 3178 3213
file767 0
folder860 0
folder861 2 1659 3421
file768 0
folder862 1 2753
folder863 0
file769 0
file770 0
folder864 2 1684 3189
folder865 1 2208
file771 0
file772 0
folder866 1 2014
file773 0
folder867 1 3115
file774 0
folder868 1 2679
folder869 1 3415
file775 0
folder870 1 2194
folder871 2 3334 3372
file776 0
folder872 1 2539
folder873 2 1770 3210
file777 0
folder874 2 1673 2669
folder875 1 2274
folder876 0
file778 0
folder877 0
file779 0
file780 0
file781 0
folder878 0
file782 0
folder879 1 2918
folder880 1 2978
file783 0
folder881 1 2049
folder882 1 1761
file784 0
file785 0
file786 0
folder883 1 3144
folder884 1 2168
folder885 4 1962 2432 2676 2876
file787 0
folder886 2 1915 2171
folder887 1 2866
folder888 4 1930 1937 2060 2773
file788 0
file789 0
folder889 0
folder890 2 2674 2990
file790 0
file791 0
file792 0
file793 0
folder891 1 1912
file794 0
folder892 2 3292 3394
folder893 2 2002 3114
folder894 2 1729 2804
file795 0
folder895 3 1868 2672 3202
folder896 1 2951
folder897 3 2534 2671 2956
folder898 0
file796 0
folder899 4 2267 2661 2801 3056
file797 0
file798 0
file799 0
file800 0
file801 0
file802 0
folder900 2 2553 2663
file803 0
file804 0
file805 0
folder901 2 1876 2161
file806 0
folder902 2 2902 3455
file807 0
file808 0
folder903 1 2752
file809 0
folder904 1 2498
folder905 1 2435
folder906 1 3342
folder907 1 3385
file810 0
folder908 2 2605 3277
file811 0
file812 0
folder909 3 2310 2382 3366
file813 0
file814 0
file815 0
file816 0
file817 0
folder910 2 3006 3152
folder911 1 3129
file818 0
file819 0
folder912 2 2107 2582
file820 0
folder913 1 2280
file821 0
folder914 2 2043 3217
file822 0
file823 0
file824 0
file825 0
folder915 0
folder916 2 1865 2770
file826 0
folder917 1 2914
folder918 2 2130 2427
folder919 1 1807
file827 0
file828 0
folder920 2 1906 2685
file829 0
file830 0
folder921 0
file831 0
file832 0
folder922 0
folder923 0
file833 0
file834 0
file835 0
folder924 5 1938 2066 2492 2895 3031
folder925 2 1780 2454
folder926 1 2585
file836 0
folder927 2 1848 2894
folder928 1 2828
file837 0
folder929 1 2211
file838 0
file839 0
folder930 1 2135
folder931 0
folder932 0
file840 0
file841 0
file842 0
folder933 1 2064
folder934 1 2574
folder935 0
folder936 5 2959 2966 2971 3322 3474
file843 0
folder937 1 3295
folder938 5 2054 2359 2577 3065 3241
file844 0
file845 0
folder939 1 2380
file846 0
folder940 1 2465
file847 0
file848 0
folder941 2 2016 3311
file849 0
folder942 1 2686
file850 0
file851 0
folder943 0
file852 0
folder944 3 2239 2450 3151
file853 0
file854 0
folder945 2 1917 2172
file855 0
folder946 4 2184 2186 2542 3100
folder947 0
folder948 3 1952 2241 2684
file856 0
folder949 2 2472 3079
folder950 0
folder951 1 2383
folder952 0
file857 0
file858 0
file859 0
file860 0
file861 0
folder953 2 2388 2475
file862 0
folder954 1 2974
folder955 0
folder956 4 1971 2238 2354 2425
file863 0
folder957 0
folder958 1 1885
file864 0
file865 0
folder959 2 2404 2552
file866 0
folder960 1 2797
file867 0
folder961 1 2131
file868 0
file869 0
folder962 3 2584 2689 2786
folder963 1 3087
file870 0
file871 0
folder964 5 1864 2077 2459 2883 3267
file872 0
file873 0
folder965 2 2229 3131
folder966 2 2075 3236
file874 0
file875 0
file876 0
folder967 1 1923
folder968 1 2756
folder969 1 2912
file877 0
file878 0
folder970 2 2625 3430
file879 0
file880 0
folder971 1 3075
folder972 2 2199 3303
file881 0
folder973 2 2793 3480
folder974 4 2124 2143 2320 3102
folder975 2 2119 2659
file882 0
file883 0
file884 0
folder976 2 2020 2716
file885 0
folder977 1 1879
folder978 0
folder979 0
file886 0
file887 0
file888 0
file889 0
folder980 1 3040
file890 0
file891 0
folder981 1 2501
file892 0
file893 0
file894 0
folder982 2 2401 2485
folder983 1 2900
folder984 0
file895 0
file896 0
file897 0
folder985 2 2069 2763
folder986 3 1901 2598 2870
folder987 1 3165
folder988 0
folder989 0
file898 0
file899 0
file900 0
folder990 0
folder991 4 1983 2097 2641 3308
folder992 1 2210
folder993 4 1933 2048 2251 2428
file901 0
folder994 2 2693 3037
folder995 0
folder996 3 2151 2516 2923
folder997 1 2296
folder998 2 2039 3425
file902 0
folder999 1 3351
folder1000 2 2567 2980
file903 0
folder1001 1 2185
file904 0
folder1002 1 2484
file905 0
file906 0
file907 0
file908 0
file909 0
file910 0
folder1003 1 3194
folder1004 0
file911 0
file912 0
folder1005 2 1977 2906
file913 0
file914 0
file915 0
folder1006 2 2554 3387
folder1007 1 2930
folder1008 0
file916 0
folder1009 2 2431 2667
folder1010 0
folder1011 1 2898
file917 0
folder1012 4 2035 2444 2612 2975
file918 0
file919 0
file920 0
folder1013 1 2381
file921 0
folder1014 3 1953 2658 2711
folder1015 2 2881 3439
folder1016 1 2073
folder1017 0
folder1018 2 2305 2813
folder1019 2 1985 3462
file922 0
file923 0
file924 0
folder1020 2 2340 2905
folder1021 0
file925 0
folder1022 0
folder1023 0
folder1024 2 2779 2960
folder1025 0
file926 0
folder1026 1 3428
file927 0
file928 0
file929 0
file930 0
folder1027 1 2880
file931 0
folder1028 0
folder1029 1 2628
folder1030 2 2350 3260
folder1031 0
file932 0
file933 0
folder1032 0
folder1033 1 2408
file934 0
file935 0
file936 0
folder1034 0
folder1035 0
folder1036 2 2231 3172
folder1037 0
folder1038 2 2595 2921
file937 0
folder1039 0
file938 0
folder1040 1 2147
file939 0
file940 0
folder1041 0
file941 0
folder1042 1 2977
folder1043 1 2639
folder1044 1 2602
file942 0
file943 0
folder1045 0
file944 0
folder1046 1 3096
folder1047 1 3211
folder1048 2 2627 3001
file945 0
folder1049 2 2742 3162
file946 0
folder1050 1 2373
file947 0
file948 0
folder1051 2 2892 3064
file949 0
folder1052 4 2730 2739 2860 3400
file950 0
file951 0
file952 0
file953 0
file954 0
file955 0
folder1053 0
folder1054 0
folder1055 0
file956 0
folder1056 1 2323
file957 0
folder1057 0
file958 0
file959 0
file960 0
file961 0
folder1058 0
file962 0
folder1059 2 2473 2619
folder1060 0
file963 0
folder1061 0
file964 0
file965 0
folder1062 1 2795
file966 0
file967 0
file968 0
folder1063 2 2991 3111
folder1064 2 2061 2385
folder1065 2 2071 2400
folder1066 0
folder1067 2 2187 2482
file969 0
folder1068 0
folder1069 0
folder1070 2 2192 3088
folder1071 1 2709
file970 0
file971 0
folder1072 1 3101
folder1073 0
file972 0
folder1074 1 2333
folder1075 0
folder1076 0
folder1077 1 3066
file973 0
folder1078 0
folder1079 4 2072 2110 2513 3077
file974 0
file975 0
file976 0
file977 0
file978 0
file979 0
file980 0
folder1080 2 2316 2776
folder1081 1 3248
folder1082 0
folder1083 1 2529
folder1084 0
folder1085 0
folder1086 1 2559
folder1087 0
folder1088 1 3132
file981 0
folder1089 0
file982 0
folder1090 1 3054
folder1091 0
folder1092 1 2929
file983 0
file984 0
file985 0
file986 0
folder1093 1 2831
folder1094 0
folder1095 0
folder1096 2 2583 3401
folder1097 0
file987 0
folder1098 0
file988 0
folder1099 1 2655
folder1100 0
folder1101 4 2093 2262 2503 2649
folder1102 2 2417 3357
file989 0
file990 0
folder1103 1 2225
file991 0
file992 0
file993 0
file994 0
folder1104 1 2173
file995 0
folder1105 0
file996 0
folder1106 2 2324 3497
file997 0
file998 0
folder1107 3 2191 2843 2863
file999 0
file1000 0
folder1108 2 2546 3362
folder1109 0
folder1110 0
file1001 0
file1002 0
folder1111 0
file1003 0
folder1112 2 2422 3047
folder1113 0
folder1114 3 2604 2668 3363
folder1115 2 2809 3041
folder1116 0
folder1117 0
folder1118 0
folder1119 1 3448
file1004 0
folder1120 0
folder1121 1 2915
file1005 0
folder1122 0
file1006 0
folder1123 1 2235
file1007 0
file1008 0
file1009 0
file1010 0
folder1124 0
folder1125 0
file1011 0
folder1126 2 2205 2799
file1012 0
file1013 0
file1014 0
folder1127 2 3219 3286
file1015 0
folder1128 1 2344
folder1129 0
folder1130 0
file1016 0
folder1131 1 3424
folder1132 2 2720 2911
file1017 0
file1018 0
file1019 0
file1020 0
file1021 0
folder1133 0
file1022 0
folder1134 2 2234 2266
folder1135 1 2244
file1023 0
folder1136 1 3185
folder1137 0
file1024 0
folder1138 0
folder1139 2 2189 2833
folder1140 1 2429
file1025 0
folder1141 2 2476 3089
folder1142 1 3312
folder1143 1 3332
folder1144 1 2505
folder1145 1 3250
folder1146 2 3125 3186
folder1147 3 2202 2357 3002
file1026 0
folder1148 0
file1027 0
folder1149 0
folder1150 1 2338
folder1151 0
folder1152 1 3331
folder1153 1 3411
file1028 0
folder1154 0
folder1155 0
file1029 0
folder1156 2 2943 3038
folder1157 1 3218
folder1158 0
folder1159 1 3081
folder1160 1 2349
file1030 0
folder1161 1 3293
folder1162 1 3423
file1031 0
folder1163 1 2391
file1032 0
file1033 0
file1034 0
folder1164 1 2368
folder1165 4 2271 2336 3069 3283
file1035 0
file1036 0
file1037 0
file1038 0
folder1166 0
file1039 0
file1040 0
file1041 0
folder1167 0
file1042 0
folder1168 0
folder1169 0
folder1170 0
file1043 0
file1044 0
folder1171 1 3337
file1045 0
folder1172 1 3021
file1046 0
folder1173 1 3143
folder1174 0
file1047 0
file1048 0
folder1175 2 2968 3338
file1049 0
folder1176 2 2410 3417
folder1177 2 2464 3454
folder1178 0
folder1179 1 2325
folder1180 2 2846 3190
folder1181 1 2909
folder1182 1 3247
file1050 0
file1051 0
folder1183 1 2967
folder1184 2 2859 2928
folder1185 0
folder1186 1 2426
folder1187 2 2387 3305
folder1188 0
file1052 0
file1053 0
file1054 0
folder1189 2 2443 3044
folder1190 2 2524 2832
folder1191 2 2370 2802
folder1192 2 2361 2841
folder1193 0
folder1194 2 2531 3126
file1055 0
file1056 0
folder1195 3 2284 2755 2903
file1057 0
file1058 0
file1059 0
file1060 0
file1061 0
file1062 0
file1063 0
file1064 0
folder1196 1 2645
folder1197 2 2648 2814
file1065 0
file1066 0
file1067 0
folder1198 1 3391
folder1199 1 3438
folder1200 0
file1068 0
folder1201 1 2893
folder1202 1 2390
folder1203 1 2281
folder1204 1 2887
file1069 0
file1070 0
file1071 0
folder1205 0
folder1206 0
folder1207 0
folder1208 0
file1072 0
folder1209 2 3070 3432
folder1210 1 3440
folder1211 1 2377
file1073 0
folder1212 1 2555
file1074 0
folder1213 1 3182
file1075 0
file1076 0
folder1214 2 2507 2765
folder1215 1 2572
folder1216 0
file1077 0
file1078 0
file1079 0
folder1217 0
folder1218 0
folder1219 0
folder1220 1 2386
folder1221 2 2637 2670
file1080 0
folder1222 0
file1081 0
folder1223 1 3471
file1082 0
folder1224 1 2643
folder1225 2 2481 2748
file1083 0
file1084 0
folder1226 2 2733 3055
folder1227 0
file1085 0
folder1228 0
file1086 0
folder1229 1 2850
file1087 0
file1088 0
folder1230 0
folder1231 0
file1089 0
file1090 0
file1091 0
folder1232 1 2810
file1092 0
file1093 0
folder1233 1 2976
folder1234 0
folder1235 1 3406
file1094 0
file1095 0
file1096 0
folder1236 1 3188
folder1237 0
folder1238 3 2511 2992 3398
file1097 0
folder1239 2 2726 2985
folder1240 2 3310 3317
folder1241 0
folder1242 1 2999
file1098 0
folder1243 0
folder1244 2 3477 3481
folder1245 1 2825
folder1246 1 3191
folder1247 0
folder1248 1 2601
file1099 0
folder1249 0
file1100 0
folder1250 1 3116
folder1251 1 2665
folder1252 1 2774
folder1253 1 2590
folder1254 1 2796
folder1255 0
file1101 0
folder1256 0
file1102 0
folder1257 0
file1103 0
file1104 0
folder1258 2 2760 3024
file1105 0
folder1259 1 2789
folder1260 1 2677
file1106 0
folder1261 0
folder1262 0
file1107 0
folder1263 1 3383
file1108 0
file1109 0
folder1264 1 3174
file1110 0
folder1265 0
folder1266 1 2576
folder1267 1 3051
folder1268 0
file1111 0
folder1269 0
folder1270 1 2437
file1112 0
file1113 0
file1114 0
folder1271 0
file1115 0
file1116 0
file1117 0
file1118 0
folder1272 1 3419
file1119 0
folder1273 1 2869
folder1274 3 2592 2815 3124
folder1275 0
file1120 0
file1121 0
file1122 0
folder1276 1 2877
file1123 0
file1124 0
folder1277 0
folder1278 0
folder1279 0
file1125 0
file1126 0
file1127 0
file1128 0
file1129 0
folder1280 1 2721
folder1281 2 2729 2882
folder1282 0
folder1283 0
file1130 0
file1131 0
file1132 0
file1133 0
folder1284 1 3020
file1134 0
file1135 0
folder1285 4 2556 2563 2607 3276
file1136 0
file1137 0
file1138 0
file1139 0
folder1286 0
file1140 0
folder1287 2 2550 2962
file1141 0
folder1288 0
file1142 0
folder1289 1 3409
folder1290 0
folder1291 1 2570
folder1292 0
file1143 0
folder1293 2 2479 2848
folder1294 0
folder1295 2 2486 2680
folder1296 0
folder1297 1 3134
folder1298 1 3060
folder1299 2 2621 2995
file1144 0
folder1300 1 2746
file1145 0
file1146 0
file1147 0
folder1301 2 2820 3168
folder1302 0
folder1303 0
folder1304 0
file1148 0
file1149 0
file1150 0
file1151 0
file1152 0
file1153 0
folder1305 0
file1154 0
folder1306 1 3223
folder1307 0
file1155 0
file1156 0
file1157 0
file1158 0
folder1308 1 2937
folder1309 3 2594 3232 3318
file1159 0
folder1310 1 2865
file1160 0
file1161 0
file1162 0
folder1311 0
folder1312 4 3029 3090 3207 3355
file1163 0
folder1313 1 2565
folder1314 0
folder1315 0
folder1316 1 2547
folder1317 2 3026 3464
file1164 0
folder1318 2 3010 3494
folder1319 0
folder1320 3 2566 3215 3235
folder1321 0
file1165 0
file1166 0
file1167 0
file1168 0
file1169 0
folder1322 0
file1170 0
file1171 0
folder1323 0
file1172 0
file1173 0
folder1324 0
folder1325 1 3269
file1174 0
file1175 0
file1176 0
file1177 0
file1178 0
folder1326 1 2798
folder1327 0
file1179 0
folder1328 0
folder1329 1 3196
folder1330 1 3113
folder1331 0
folder1332 0
file1180 0
file1181 0
folder1333 0
file1182 0
folder1334 1 3459
folder1335 0
file1183 0
file1184 0
folder1336 1 2935
folder1337 0
file1185 0
folder1338 1 2710
folder1339 3 2794 3222 3347
folder1340 0
folder1341 0
file1186 0
folder1342 1 2692
folder1343 1 2854
file1187 0
file1188 0
folder1344 1 3408
file1189 0
folder1345 0
folder1346 0
file1190 0
folder1347 0
file1191 0
folder1348 1 3452
folder1349 1 2938
file1192 0
file1193 0
folder1350 0
file1194 0
file1195 0
folder1351 0
folder1352 1 3257
file1196 0
file1197 0
file1198 0
folder1353 1 3485
file1199 0
file1200 0
file1201 0
file1202 0
file1203 0
file1204 0
folder1354 1 3033
file1205 0
file1206 0
file1207 0
file1208 0
file1209 0
folder1355 0
folder1356 0
file1210 0
folder1357 0
file1211 0
folder1358 0
folder1359 3 3261 3280 3444
folder1360 1 3195
file1212 0
file1213 0
folder1361 0
file1214 0
file1215 0
folder1362 0
folder1363 0
file1216 0
file1217 0
folder1364 1 3228
file1218 0
folder1365 1 2708
file1219 0
file1220 0
folder1366 0
file1221 0
folder1367 1 3042
folder1368 0
file1222 0
file1223 0
file1224 0
folder1369 0
file1225 0
folder1370 0
folder1371 0
folder1372 1 3058
folder1373 2 3148 3352
folder1374 1 2835
file1226 0
file1227 0
file1228 0
folder1375 0
file1229 0
folder1376 0
folder1377 1 2792
file1230 0
folder1378 2 3161 3378
folder1379 1 2633
folder1380 0
file1231 0
folder1381 0
folder1382 1 2953
file1232 0
file1233 0
folder1383 0
folder1384 1 3106
file1234 0
folder1385 0
file1235 0
folder1386 0
folder1387 1 3335
file1236 0
file1237 0
folder1388 0
file1238 0
file1239 0
file1240 0
file1241 0
file1242 0
file1243 0
folder1389 0
folder1390 2 2652 2695
folder1391 2 2984 3382
folder1392 1 3384
file1244 0
file1245 0
file1246 0
folder1393 0
file1247 0
file1248 0
folder1394 0
folder1395 0
folder1396 0
folder1397 0
file1249 0
folder1398 0
folder1399 2 2821 3272
file1250 0
folder1400 0
folder1401 1 2784
folder1402 1 2948
file1251 0
file1252 0
file1253 0
folder1403 1 3164
file1254 0
file1255 0
folder1404 0
folder1405 0
folder1406 1 2698
file1256 0
folder1407 1 3206
file1257 0
folder1408 0
folder1409 0
folder1410 1 2862
file1258 0
folder1411 1 2811
file1259 0
file1260 0
file1261 0
file1262 0
folder1412 0
file1263 0
folder1413 2 3135 3290
file1264 0
folder1414 1 2816
folder1415 0
file1265 0
file1266 0
folder1416 1 3270
file1267 0
file1268 0
file1269 0
folder1417 0
file1270 0
folder1418 1 2745
file1271 0
folder1419 2 2812 3153
folder1420 1 2890
folder1421 1 3258
folder1422 1 2719
file1272 0
file1273 0
file1274 0
folder1423 1 2829
file1275 0
file1276 0
file1277 0
folder1424 1 3420
folder1425 0
file1278 0
file1279 0
folder1426 0
file1280 0
folder1427 0
folder1428 0
file1281 0
folder1429 0
folder1430 0
file1282 0
file1283 0
folder1431 1 2717
file1284 0
file1285 0
file1286 0
folder1432 0
file1287 0
folder1433 0
folder1434 0
file1288 0
file1289 0
file1290 0
file1291 0
folder1435 0
file1292 0
file1293 0
folder1436 1 3458
file1294 0
file1295 0
folder1437 0
folder1438 0
file1296 0
file1297 0
file1298 0
file1299 0
folder1439 0
file1300 0
folder1440 0
file1301 0
folder1441 0
folder1442 0
file1302 0
folder1443 1 3399
file1303 0
folder1444 0
file1304 0
folder1445 2 2997 3197
file1305 0
file1306 0
file1307 0
folder1446 0
file1308 0
folder1447 0
file1309 0
file1310 0
folder1448 0
folder1449 0
folder1450 0
folder1451 0
file1311 0
folder1452 0
file1312 0
folder1453 0
file1313 0
file1314 0
file1315 0
folder1454 2 2988 3173
file1316 0
folder1455 0
file1317 0
folder1456 0
file1318 0
folder1457 0
folder1458 2 3271 3486
file1319 0
file1320 0
folder1459 1 3368
file1321 0
folder1460 0
folder1461 0
file1322 0
folder1462 0
folder1463 0
file1323 0
folder1464 0
file1324 0
file1325 0
folder1465 0
file1326 0
file1327 0
folder1466 0
file1328 0
folder1467 0
file1329 0
folder1468 0
folder1469 0
folder1470 0
folder1471 2 2885 2996
folder1472 0
file1330 0
folder1473 0
file1331 0
folder1474 2 3436 3441
file1332 0
file1333 0
file1334 0
folder1475 1 2934
file1335 0
folder1476 0
folder1477 0
file1336 0
file1337 0
file1338 0
folder1478 0
folder1479 0
file1339 0
file1340 0
folder1480 0
file1341 0
file1342 0
folder1481 0
folder1482 1 2853
file1343 0
folder1483 0
file1344 0
folder1484 1 3018
file1345 0
file1346 0
folder1485 0
file1347 0
folder1486 0
folder1487 0
file1348 0
file1349 0
folder1488 1 3095
file1350 0
folder1489 1 3348
file1351 0
folder1490 0
folder1491 0
file1352 0
folder1492 0
folder1493 0
file1353 0
file1354 0
folder1494 0
folder1495 0
folder1496 1 3321
file1355 0
file1356 0
folder1497 0
folder1498 0
file1357 0
file1358 0
file1359 0
folder1499 1 3049
file1360 0
file1361 0
folder1500 0
folder1501 0
file1362 0
folder1502 0
folder1503 0
file1363 0
folder1504 0
folder1505 1 3167
file1364 0
file1365 0
file1366 0
file1367 0
file1368 0
file1369 0
file1370 0
file1371 0
folder1506 1 3142
folder1507 1 2987
folder1508 0
file1372 0
file1373 0
file1374 0
file1375 0
folder1509 2 3157 3254
folder1510 1 3234
file1376 0
file1377 0
file1378 0
folder1511 0
folder1512 2 3050 3457
file1379 0
file1380 0
file1381 0
file1382 0
folder1513 2 3104 3344
folder1514 0
file1383 0
folder1515 0
folder1516 0
file1384 0
file1385 0
folder1517 0
folder1518 0
folder1519 0
file1386 0
file1387 0
file1388 0
file1389 0
file1390 0
file1391 0
folder1520 0
folder1521 0
file1392 0
file1393 0
folder1522 0
folder1523 0
file1394 0
folder1524 0
file1395 0
file1396 0
file1397 0
file1398 0
file1399 0
folder1525 0
file1400 0
file1401 0
folder1526 0
folder1527 1 2941
file1402 0
folder1528 0
folder1529 0
file1403 0
file1404 0
folder1530 0
folder1531 0
file1405 0
file1406 0
file1407 0
folder1532 2 3263 3405
file1408 0
file1409 0
folder1533 0
folder1534 0
file1410 0
folder1535 0
file1411 0
file1412 0
file1413 0
folder1536 0
file1414 0
folder1537 2 3030 3449
file1415 0
folder1538 0
folder1539 1 3275
file1416 0
file1417 0
folder1540 0
file1418 0
file1419 0
folder1541 0
folder1542 1 3025
file1420 0
file1421 0
folder1543 2 3053 3108
file1422 0
file1423 0
file1424 0
folder1544 0
file1425 0
file1426 0
file1427 0
folder1545 0
file1428 0
folder1546 0
file1429 0
folder1547 0
file1430 0
file1431 0
folder1548 0
file1432 0
folder1549 0
folder1550 0
folder1551 0
folder1552 0
folder1553 1 3034
file1433 0
folder1554 0
file1434 0
folder1555 0
folder1556 0
folder1557 1 3397
file1435 0
folder1558 0
folder1559 1 3287
file1436 0
folder1560 0
folder1561 0
folder1562 0
folder1563 0
file1437 0
folder1564 0
folder1565 1 3472
folder1566 0
folder1567 0
folder1568 0
folder1569 0
folder1570 0
file1438 0
folder1571 1 3080
folder1572 2 3120 3381
file1439 0
folder1573 0
folder1574 0
file1440 0
file1441 0
folder1575 0
file1442 0
folder1576 0
file1443 0
file1444 0
file1445 0
file1446 0
file1447 0
folder1577 0
folder1578 0
file1448 0
folder1579 0
file1449 0
folder1580 0
folder1581 0
folder1582 1 3158
file1450 0
file1451 0
file1452 0
file1453 0
file1454 0
file1455 0
folder1583 2 3103 3412
file1456 0
file1457 0
folder1584 0
folder1585 1 3160
file1458 0
folder1586 1 3176
file1459 0
folder1587 1 3336
folder1588 0
folder1589 0
file1460 0
file1461 0
file1462 0
file1463 0
folder1590 1 3184
file1464 0
folder1591 0
folder1592 0
folder1593 1 3147
folder1594 0
file1465 0
folder1595 1 3246
file1466 0
file1467 0
folder1596 0
folder1597 0
file1468 0
file1469 0
file1470 0
file1471 0
file1472 0
folder1598 0
folder1599 0
folder1600 0
folder1601 0
folder1602 0
file1473 0
file1474 0
file1475 0
folder1603 0
file1476 0
folder1604 0
file1477 0
file1478 0
file1479 0
folder1605 0
file1480 0
folder1606 0
file1481 0
folder1607 0
file1482 0
file1483 0
file1484 0
folder1608 0
folder1609 0
file1485 0
file1486 0
file1487 0
file1488 0
file1489 0
file1490 0
folder1610 1 3426
file1491 0
file1492 0
folder1611 0
file1493 0
folder1612 0
file1494 0
folder1613 1 3375
file1495 0
folder1614 0
file1496 0
folder1615 0
folder1616 0
folder1617 1 3301
folder1618 1 3209
file1497 0
folder1619 1 3233
folder1620 1 3145
folder1621 0
folder1622 0
file1498 0
file1499 0
folder1623 0
file1500 0
file1501 0
folder1624 0
file1502 0
folder1625 0
file1503 0
folder1626 0
file1504 0
file1505 0
folder1627 0
folder1628 0
file1506 0
folder1629 0
folder1630 0
file1507 0
folder1631 0
folder1632 0
folder1633 0
file1508 0
file1509 0
folder1634 0
folder1635 1 3192
file1510 0
folder1636 1 3198
folder1637 0
folder1638 0
file1511 0
file1512 0
folder1639 0
file1513 0
folder1640 0
folder1641 1 3445
folder1642 0
folder1643 1 3163
file1514 0
file1515 0
folder1644 0
file1516 0
file1517 0
folder1645 0
file1518 0
folder1646 0
folder1647 0
file1519 0
folder1648 0
folder1649 0
folder1650 0
folder1651 0
file1520 0
file1521 0
folder1652 0
folder1653 0
folder1654 1 3320
folder1655 0
file1522 0
file1523 0
file1524 0
file1525 0
file1526 0
file1527 0
file1528 0
folder1656 0
folder1657 0
file1529 0
folder1658 0
file1530 0
file1531 0
folder1659 1 3307
file1532 0
folder1660 0
file1533 0
folder1661 1 3367
file1534 0
folder1662 0
file1535 0
folder1663 0
folder1664 0
folder1665 0
folder1666 1 3221
folder1667 0
folder1668 0
folder1669 1 3354
file1536 0
folder1670 0
folder1671 0
file1537 0
folder1672 0
file1538 0
folder1673 0
folder1674 0
folder1675 1 3281
folder1676 0
folder1677 0
folder1678 0
file1539 0
folder1679 0
file1540 0
folder1680 0
file1541 0
file1542 0
folder1681 0
file1543 0
folder1682 0
file1544 0
folder1683 0
folder1684 0
folder1685 0
file1545 0
file1546 0
folder1686 0
folder1687 0
folder1688 0
file1547 0
file1548 0
file1549 0
file1550 0
folder1689 1 3304
folder1690 0
file1551 0
file1552 0
folder1691 0
file1553 0
file1554 0
folder1692 0
file1555 0
folder1693 0
folder1694 0
folder1695 0
folder1696 0
file1556 0
folder1697 0
folder1698 0
file1557 0
file1558 0
file1559 0
folder1699 0
folder1700 0
file1560 0
folder1701 0
folder1702 1 3450
folder1703 0
folder1704 0
file1561 0
file1562 0
folder1705 0
folder1706 0
file1563 0
file1564 0
file1565 0
folder1707 0
file1566 0
folder1708 0
file1567 0
file1568 0
folder1709 0
folder1710 0
file1569 0
file1570 0
folder1711 0
folder1712 0
file1571 0
file1572 0
folder1713 0
folder1714 0
file1573 0
folder1715 0
file1574 0
folder1716 0
file1575 0
file1576 0
file1577 0
file1578 0
folder1717 0
folder1718 0
folder1719 0
folder1720 0
file1579 0
folder1721 0
file1580 0
file1581 0
folder1722 2 3339 3356
folder1723 0
folder1724 0
folder1725 0
folder1726 0
file1582 0
file1583 0
folder1727 0
file1584 0
file1585 0
file1586 0
folder1728 1 3490
file1587 0
folder1729 1 3396
file1588 0
folder1730 1 3323
file1589 0
file1590 0
folder1731 0
file1591 0
folder1732 1 3461
folder1733 0
file1592 0
folder1734 0
file1593 0
file1594 0
folder1735 0
folder1736 0
file1595 0
folder1737 0
folder1738 0
folder1739 0
file1596 0
folder1740 1 3407
file1597 0
folder1741 0
folder1742 0
file1598 0
file1599 0
folder1743 0
file1600 0
file1601 0
file1602 0
folder1744 0
folder1745 0
folder1746 0
file1603 0
folder1747 0
folder1748 1 3465
folder1749 0
folder1750 0
folder1751 0
file1604 0
folder1752 0
folder1753 0
folder1754 0
folder1755 0
file1605 0
folder1756 0
file1606 0
file1607 0
folder1757 0
file1608 0
folder1758 0
folder1759 2 3418 3456
file1609 0
file1610 0
folder1760 0
folder1761 0
file1611 0
folder1762 0
file1612 0
folder1763 0
folder1764 0
folder1765 0
file1613 0
file1614 0
folder1766 0
file1615 0
file1616 0
folder1767 0
file1617 0
folder1768 0
file1618 0
file1619 0
file1620 0
folder1769 0
folder1770 0
file1621 0
folder1771 0
file1622 0
folder1772 0
file1623 0
file1624 0
folder1773 0
folder1774 0
folder1775 0
folder1776 0
folder1777 0
file1625 0
file1626 0
file1627 0
file1628 0
file1629 0
folder1778 0
file1630 0
file1631 0
folder1779 0
folder1780 0
file1632 0
file1633 0
folder1781 0
folder1782 0
folder1783 0
file1634 0
folder1784 0
folder1785 0
folder1786 0
file1635 0
file1636 0
folder1787 0
folder1788 0
folder1789 0
file1637 0
file1638 0
folder1790 0
file1639 0
folder1791 0
file1640 0
file1641 0
file1642 0
file1643 0
file1644 0
file1645 0
file1646 0
folder1792 0
file1647 0
file1648 0
folder1793 0
folder1794 0
folder1795 0
folder1796 0
folder1797 0
file1649 0
file1650 0
folder1798 0
file1651 0
file1652 0
file1653 0
folder1799 0
folder1800 0
file1654 0
file1655 0
folder1801 0
file1656 0
file1657 0
folder1802 0
file1658 0
file1659 0
folder1803 0
file1660 0
file1661 0
file1662 0
folder1804 0
folder1805 0
file1663 0
file1664 0
folder1806 0
file1665 0
file1666 0
file1667 0
file1668 0
file1669 0
file1670 0
file1671 0
folder1807 0
folder1808 0
folder1809 0
folder1810 0
file1672 0
folder1811 0
folder1812 0
folder1813 0
folder1814 0
file1673 0
folder1815 0
folder1816 0
file1674 0
file1675 0
file1676 0
folder1817 0
folder1818 0
file1677 0
file1678 0
file1679 0
folder1819 0
folder1820 0
